1707848025293 0.08521739393472672 0
1707848056791 0.1643478274345398 1
1707848092819 0.27478259801864624 2
1707848125875 0.42434781789779663 3
1707848156711 0.5 4
1707848186431 0.5721738934516907 5
1707848224402 0.6704347729682922 6
1707848257256 0.6991304159164429 7
1707848288256 0.7582608461380005 8
1707848318112 0.7991304397583008 9
1707848348075 0.7991304397583008 10
1707848377502 0.8269565105438232 11
1707848407591 0.8495652079582214 12
1707848436814 0.8573912978172302 13
1707848466425 0.8669565320014954 14
1707848496160 0.8834782838821411 15
1707848525460 0.8878260850906372 16
1707848554843 0.8826087117195129 17
1707848584532 0.8982608914375305 18
1707848613874 0.8965217471122742 19
1707848643299 0.9095652103424072 20
1707848672464 0.9060869812965393 21
1707848701914 0.9139130711555481 22
1707848731071 0.9226086735725403 23
1707848760448 0.917391300201416 24
