1707848025293 0.4153970777988434 0
1707848056791 0.28448909521102905 1
1707848092819 0.22622545063495636 2
1707848125875 0.18265041708946228 3
1707848156711 0.1605103313922882 4
1707848186431 0.13746526837348938 5
1707848224402 0.11268573254346848 6
1707848257256 0.10134617984294891 7
1707848288256 0.08706273883581161 8
1707848318112 0.07446636259555817 9
1707848348075 0.0718347579240799 10
1707848377502 0.06510092318058014 11
1707848407591 0.05288923531770706 12
1707848436814 0.0514879934489727 13
1707848466425 0.049648500978946686 14
1707848496160 0.043937742710113525 15
1707848525460 0.04115326702594757 16
1707848554843 0.0384698286652565 17
1707848584532 0.03611296787858009 18
1707848613874 0.0349055640399456 19
1707848643299 0.032763030380010605 20
1707848672464 0.03242350369691849 21
1707848701914 0.02928069420158863 22
1707848731071 0.0303632989525795 23
1707848760448 0.029002303257584572 24
